<?xml version="1.0"?>
<opencv_storage>
<calibration_Time>"07/04/12 17:10:30"</calibration_Time>
<nrOfFrames>16</nrOfFrames>
<image_Width>640</image_Width>
<image_Height>480</image_Height>
<board_Width>7</board_Width>
<board_Height>5</board_Height>
<square_Size>34.</square_Size>
<FixAspectRatio>1.</FixAspectRatio>
<!-- flags:  +fix_aspectRatio +fix_principal_point +zero_tangent_dist -->
<flagValue>14</flagValue>
<Camera_Matrix type_id="opencv-matrix">
  <rows>3</rows>
  <cols>3</cols>
  <dt>d</dt>
  <data>
    5.2793307236349960e+002 0. 3.1950000000000000e+002 0.
    5.2793307236349960e+002 2.3950000000000000e+002 0. 0. 1.</data></Camera_Matrix>
<Distortion_Coefficients type_id="opencv-matrix">
  <rows>5</rows>
  <cols>1</cols>
  <dt>d</dt>
  <data>
    3.1275074397415897e-001 -1.3173015471068972e+000 0. 0.
    1.6857584004692667e+000</data></Distortion_Coefficients>
<Avg_Reprojection_Error>5.5840961414961310e-001</Avg_Reprojection_Error>
<Per_View_Reprojection_Errors type_id="opencv-matrix">
  <rows>16</rows>
  <cols>1</cols>
  <dt>f</dt>
  <data>
    5.67680836e-001 4.72102016e-001 5.54023683e-001 6.02317750e-001
    8.29733551e-001 4.62634057e-001 4.84314948e-001 7.58262575e-001
    7.96338379e-001 4.07979488e-001 4.70789790e-001 4.12399620e-001
    4.93389964e-001 4.57433850e-001 2.44326055e-001 5.97968042e-001</data></Per_View_Reprojection_Errors>
<!-- a set of 6-tuples (rotation vector + translation vector) for each view -->
<Extrinsic_Parameters type_id="opencv-matrix">
  <rows>16</rows>
  <cols>6</cols>
  <dt>d</dt>
  <data>
    -1.7620508934472842e-001 -6.8020269283692092e-002
    4.3833462036895494e-003 -1.0762620326114852e+002
    -3.8028656696250593e+001 3.6638656963362843e+002
    -2.3945872468338053e-001 -2.2613917790136974e-002
    3.0517837499387296e-001 -6.9477557774409490e+001
    -1.0671651576829686e+002 3.7734644814148999e+002
    1.2231074114243706e-001 3.5065361573270820e-001
    2.7988351654282160e+000 1.2230377263961236e+002
    1.5521972931960175e+001 3.3940775088569217e+002
    -2.2707649544407024e-001 -8.9209130222604766e-002
    1.9064551195750845e-001 -6.4094307752281949e+001
    -9.4711763488734661e+001 3.2299694735237301e+002
    4.8145767915620402e-001 5.0376100195002460e-001
    2.9094641117095503e+000 8.6963714663056223e+001
    4.7100609047299940e+001 2.8036512725204386e+002
    -9.9584287298254318e-002 -6.9847290683423588e-002
    1.7397258738851629e-001 -6.4689691595632951e+001
    -8.9122738433815869e+001 3.1800081482337788e+002
    1.1860823734717748e-002 -2.2691572928538359e-001
    3.0541906841059308e-001 -4.0909018163308033e+001
    -9.6443227729571859e+001 3.3291816621773086e+002
    4.2850677288927658e-001 7.2296245361470057e-002
    2.8805556279606206e+000 1.0976221886520284e+002
    5.0033311146792741e+001 3.1140301881979656e+002
    1.0462382809075541e-001 3.6284116334387490e-001
    3.1008037266941306e+000 6.2343469077747827e+001
    7.2207071220787384e+001 2.5737332509968786e+002
    -5.6862476125537640e-003 -2.2563024748910494e-002
    1.0891184532558267e-004 -1.0084004193166133e+002
    -4.9352735044025160e+001 3.0408059866762267e+002
    1.0312388298580943e-001 -7.0823682978307045e-002
    1.6890004715239021e-002 -9.7141423173666993e+001
    -4.9935986642984361e+001 2.7789197677621200e+002
    1.0466755565906223e-001 1.8543955974646353e-001
    2.8786012190295116e+000 1.1663976413062643e+002
    2.1598069581222326e+001 2.9546709705031572e+002
    -7.5877634419682441e-002 4.9388966515772820e-001
    1.9073736033729652e-001 -4.3416874664315230e+001
    -6.0776313036779399e+001 5.3720242045591203e+002
    -6.0305065778903577e-001 3.8787353957385434e-001
    2.7066414478433702e+000 1.5867823369400253e+002
    3.9405892550496404e+001 5.0570786618520560e+002
    -3.0366735172438718e-002 3.4532912259420800e-001
    2.9474713229881195e+000 1.7376970323893443e+002
    3.9787344890264670e+001 5.5718732703552075e+002
    2.7289763599642541e-001 -1.7394783034254684e-003
    2.6806983866613232e-001 -7.3391407484458838e+001
    -9.7007220139135981e+001 3.4845280188180806e+002</data></Extrinsic_Parameters>
