<?xml version="1.0"?>
<opencv_storage>
<calibration_Time>"07/04/12 20:11:15"</calibration_Time>
<nrOfFrames>26</nrOfFrames>
<image_Width>640</image_Width>
<image_Height>480</image_Height>
<board_Width>7</board_Width>
<board_Height>5</board_Height>
<square_Size>34.</square_Size>
<flagValue>0</flagValue>
<Camera_Matrix type_id="opencv-matrix">
  <rows>3</rows>
  <cols>3</cols>
  <dt>d</dt>
  <data>
    5.1994781636314860e+002 0. 3.0882963287331660e+002 0.
    5.1980178648249387e+002 2.5476122706854179e+002 0. 0. 1.</data></Camera_Matrix>
<Distortion_Coefficients type_id="opencv-matrix">
  <rows>5</rows>
  <cols>1</cols>
  <dt>d</dt>
  <data>
    2.7927422163970761e-001 -1.0970573610365091e+000
    -4.6606731895714761e-004 -7.4218079184946843e-004
    1.3932249455173409e+000</data></Distortion_Coefficients>
<Avg_Reprojection_Error>3.5718682808390062e-001</Avg_Reprojection_Error>
<Per_View_Reprojection_Errors type_id="opencv-matrix">
  <rows>26</rows>
  <cols>1</cols>
  <dt>f</dt>
  <data>
    2.73795813e-001 2.96773672e-001 2.96371073e-001 3.52161974e-001
    4.34524745e-001 3.02230805e-001 2.77806282e-001 3.10590506e-001
    4.87060159e-001 3.39087486e-001 3.38291138e-001 2.90120482e-001
    3.26361090e-001 3.40432405e-001 1.73700571e-001 2.63448298e-001
    4.24740702e-001 4.31465894e-001 2.97872633e-001 4.02785659e-001
    4.52432722e-001 4.17356133e-001 4.51585948e-001 4.76866126e-001
    2.71331906e-001 3.38061512e-001</data></Per_View_Reprojection_Errors>
<!-- a set of 6-tuples (rotation vector + translation vector) for each view -->
<Extrinsic_Parameters type_id="opencv-matrix">
  <rows>26</rows>
  <cols>6</cols>
  <dt>d</dt>
  <data>
    -1.7132687326964302e-001 -6.8400472506583071e-002
    4.2793884001429685e-003 -1.0042665390539136e+002
    -4.8339579798793579e+001 3.5907820443027549e+002
    -2.2833519867068244e-001 -1.9287654338732207e-002
    3.0659065205475011e-001 -6.2193545758329655e+001
    -1.1711061076430327e+002 3.7060710841230974e+002
    1.2474362344020626e-001 3.3524599380156278e-001
    2.8035957382194292e+000 1.2934879638901370e+002
    5.8710021037335318e+000 3.3412486255348324e+002
    -2.1591136061286284e-001 -8.5070334834942418e-002
    1.9066990611568957e-001 -5.7900701652597718e+001
    -1.0359914524003007e+002 3.1698021318977294e+002
    4.9614113331965126e-001 4.7961295143432209e-001
    2.9186620040017681e+000 9.2752160904006317e+001
    3.9081125676042461e+001 2.7547373448308326e+002
    -9.7806404848848949e-002 -6.8602342962977542e-002
    1.7337677331957532e-001 -5.8479102814657416e+001
    -9.8016883341781863e+001 3.1245656343069817e+002
    1.8599046801538510e-002 -2.1745977477038195e-001
    3.0107614688193896e-001 -3.4487009718963158e+001
    -1.0605166146130099e+002 3.2754293641811989e+002
    4.3590060667767644e-001 5.9250018272586434e-002
    2.8844982676786928e+000 1.1626985636570186e+002
    4.1024516891674416e+001 3.0717426176735665e+002
    1.1926646347433083e-001 3.5107988621688691e-001
    3.1046520673395390e+000 6.7499050308452567e+001
    6.4698587309410286e+001 2.5212535290725637e+002
    -1.1419101105013313e-002 -2.4389418826910387e-002
    -2.1731876856609340e-004 -9.4753475258303737e+001
    -5.8021362027764148e+001 2.9915333562733821e+002
    1.0188737257139888e-001 -6.9687846135352935e-002
    1.4818436172740613e-002 -9.1498183604822714e+001
    -5.7987341863444847e+001 2.7336521502292760e+002
    1.0272820158450399e-001 1.8064321692928062e-001
    2.8809690373821968e+000 1.2274424119935581e+002
    1.3106368984680193e+001 2.9095967741434504e+002
    -4.2934343807003783e-002 5.1174357819167893e-001
    1.9727221762638164e-001 -3.2957558602775940e+001
    -7.5906386994407868e+001 5.2915931234797267e+002
    -5.8138867032932673e-001 3.5877278301417381e-001
    2.7112536359941517e+000 1.6830278083055174e+002
    2.5214717918244894e+001 4.9651904252701553e+002
    -3.1037257462093317e-002 3.1950359561364056e-001
    2.9513732350507507e+000 1.8507724054386216e+002
    2.3952102129046327e+001 5.4939358405874441e+002
    2.8493988419649169e-001 5.1520670542938478e-003
    2.6606087128994566e-001 -6.6344146280953865e+001
    -1.0716683311684413e+002 3.4322459684833376e+002
    -1.3174074081113926e-001 -9.0479771846809533e-003
    8.8791607822828841e-002 -9.3964879102242918e+001
    -8.4255144019670496e+001 2.8084196442282075e+002
    1.3856559679945524e-001 3.7672960260079058e-001
    2.9909911682120045e+000 1.0990161276724213e+002
    4.2790714918628929e+001 2.5575219806874637e+002
    -2.0516081691800225e-001 1.8277716790590362e-001
    -2.8807017929473062e+000 7.6838348962427261e+001
    7.3192446006022777e+001 3.1813907489868791e+002
    1.2836445526176196e-001 -3.1844181088440487e-001
    2.9463756628545181e+000 1.2239114050608606e+002
    5.4181070471635891e+001 2.8473761334590637e+002
    1.3501252165554387e-001 4.5683915405050840e-001
    2.8245709339654126e+000 1.0890940636791890e+002
    9.9753345704230529e+000 2.8338420280197710e+002
    1.9245379516036051e-001 -2.2714806991924483e-001
    1.9008019980925120e-001 -8.5620593872403603e+001
    -7.6650926570441769e+001 2.6105297413991781e+002
    -6.0859606372929853e-001 -2.3383499224179699e-001
    -2.9701452705758906e+000 6.7050158891863248e+001
    6.6105115068750848e+001 2.7276885000837689e+002
    -2.3505407131086775e-001 2.0438564793897010e-001
    2.9258311901506682e+000 1.2001021845366527e+002
    2.7052904467286808e+001 3.0459820020156951e+002
    6.9465028098123727e-001 9.5476647084851360e-002
    2.8123126412013697e+000 1.4104468171132785e+002
    4.8665630500671526e+001 3.7244006155011351e+002
    -2.5216420903359571e-001 -2.6506154738913623e-001
    2.8071127954440032e+000 1.7156723858841451e+002
    2.3594337013290151e+001 3.9073135056965123e+002</data></Extrinsic_Parameters>
